name: SPc
channels:
  - defaults
  - conda-forge
dependencies:
  - blas=1.0
  - blosc=1.21.5
  - bottleneck=1.3.7
  - bzip2=1.0.8
  - c-blosc2=2.14.4
  - ca-certificates=2024.3.11
  - hdf5=1.12.1
  - intel-openmp=2023.1.0
  - krb5=1.21.2
  - libcurl=8.8.0
  - libffi=3.4.4
  - libssh2=1.11.0
  - libzlib=1.2.13
  - lz4-c=1.9.4
  - lzo=2.10
  - mkl=2023.1.0
  - mkl-service=2.4.0
  - mkl_fft=1.3.8
  - mkl_random=1.2.4
  - numexpr=2.8.7
  - numpy=1.26.4
  - numpy-base=1.26.4
  - openssl=3.3.0
  - packaging=24.0
  - pandas=2.2.1
  - pip=24.0
  - py-cpuinfo=9.0.0
  - python=3.10.14
  - python-dateutil=2.8.2
  - python-tzdata=2023.3
  - pytz=2023.3.post1
  - setuptools=68.2.2
  - simplekml=1.3.6
  - six=1.16.0
  - snappy=1.1.10
  - sqlite=3.41.2
  - tables=3.9.2
  - tbb=2021.8.0
  - tk=8.6.12
  - tzdata=2024a
  - ucrt=10.0.22621.0
  - vc=14.2
  - vc14_runtime=14.38.33130
  - vs2015_runtime=14.38.33130
  - wheel=0.41.2
  - xz=5.4.6
  - zlib=1.2.13
  - zlib-ng=2.0.7
  - zstd=1.5.6
  - pip:
      - blosc2==2.6.2
      - h5py==3.11.0
      - msgpack==1.0.8
      - navpy==1.0
      - ndindex==1.8
prefix: C:\Users\sb17731\.conda\envs\SPc
